-1.000000000000000000e+00
-9.955172826011057241e-01
-9.821093199149802944e-01
-9.598963201568568859e-01
-9.290774325277301182e-01
-8.899289617551804366e-01
-8.428018909013508253e-01
-7.881187346471925093e-01
-7.263697512646393184e-01
-6.581085472380373558e-01
-5.839471139413057177e-01
-5.045503408691767167e-01
-4.206300546137834440e-01
-3.329386370297601205e-01
-2.422622798037837033e-01
-1.494139359042612469e-01
-5.522603110450824415e-02
3.945699907625284386e-02
1.337862801044794048e-01
2.269161089615906457e-01
3.180115362392389455e-01
4.062558518237898153e-01
4.908579070575938008e-01
5.710592077306949621e-01
6.461407143112101181e-01
7.154292884473713032e-01
7.783037279455301549e-01
8.342003361179176624e-01
8.826179755685469308e-01
9.231225611078608395e-01
9.553509515151951126e-01
9.790142052577146536e-01
9.939001709768876536e-01
9.998753895176574202e-01
9.968862904477930886e-01
9.849596723401105036e-01
9.642024625116117909e-01
9.348007583735981063e-01
8.970181589874630657e-01
8.511934017844940970e-01
7.977373256375193122e-01
7.371291875117788051e-01
6.699123657178548408e-01
5.966894882888552631e-01
5.181170301580773074e-01
4.348994275757928629e-01
3.477827625319820926e-01
2.575480738068962050e-01
1.650043546187985599e-01
7.098129964801587477e-02
-2.367813353662422474e-02
-1.181252819589083958e-01
-2.115133858678196754e-01
-3.030051803068726790e-01
-3.917804015584932520e-01
-4.770431411648898279e-01
-5.580289815934404984e-01
-6.340118495722392167e-01
-7.043105256526722702e-01
-7.682947516379710073e-01
-8.253908811219764496e-01
-8.750870224785939344e-01
-9.169376281927885675e-01
-9.505674893877829046e-01
-9.756750997357737099e-01
-9.920353585932577545e-01
-9.995015891261740393e-01
-9.980068533314933044e-01
-9.875645521655236347e-01
-9.682683053985072785e-01
-9.402911122726753668e-01
-9.038838004888234412e-01
-8.593727774269118713e-01
-8.071571037619852396e-01
-7.477049157117088285e-01
-6.815492279916333107e-01
-6.092831551065166495e-01
-5.315545938209012000e-01
-4.490604144829198341e-01
-3.625402132786240683e-01
-2.727696814306033168e-01
-1.805536507889022313e-01
-8.671887816355061673e-02
7.893366909713655719e-03
1.024348445166138599e-01
1.960579492039787874e-01
2.879233091311674264e-01
3.772073114035754404e-01
4.631094861203473578e-01
5.448596829350702553e-01
6.217249757884951711e-01
6.930162339093318691e-01
7.580943001712459051e-01
8.163757214143995133e-01
8.673379793567148610e-01
9.105241751974624265e-01
9.455471259136675188e-01
9.720928355242570706e-01
9.899233102005569052e-01
9.988786919844436785e-01
9.988786919844436785e-01
9.899233102005569052e-01
9.720928355242570706e-01
9.455471259136668527e-01
9.105241751974616493e-01
8.673379793567139728e-01
8.163757214143995133e-01
7.580943001712459051e-01
6.930162339093318691e-01
6.217249757884951711e-01
5.448596829350702553e-01
4.631094861203473578e-01
3.772073114035754404e-01
2.879233091311657056e-01
1.960579492039770666e-01
1.024348445166138599e-01
7.893366909713655719e-03
-8.671887816355061673e-02
-1.805536507889022313e-01
-2.727696814306033168e-01
-3.625402132786249010e-01
-4.490604144829206668e-01
-5.315545938209019772e-01
-6.092831551065173157e-01
-6.815492279916333107e-01
-7.477049157117088285e-01
-8.071571037619852396e-01
-8.593727774269118713e-01
-9.038838004888234412e-01
-9.402911122726756998e-01
-9.682683053985075006e-01
-9.875645521655237458e-01
-9.980068533314934154e-01
-9.995015891261740393e-01
-9.920353585932577545e-01
-9.756750997357737099e-01
-9.505674893877829046e-01
-9.169376281927885675e-01
-8.750870224785933793e-01
-8.253908811219760056e-01
-7.682947516379704522e-01
-7.043105256526716040e-01
-6.340118495722392167e-01
-5.580289815934404984e-01
-4.770431411648898279e-01
-3.917804015584932520e-01
-3.030051803068726790e-01
-2.115133858678187873e-01
-1.181252819589075215e-01
-2.367813353662333656e-02
7.098129964801676295e-02
1.650043546187985599e-01
2.575480738068962050e-01
3.477827625319820926e-01
4.348994275757928629e-01
5.181170301580773074e-01
5.966894882888560403e-01
6.699123657178555069e-01
7.371291875117794712e-01
7.977373256375198673e-01
8.511934017844940970e-01
8.970181589874630657e-01
9.348007583735981063e-01
9.642024625116117909e-01
9.849596723401105036e-01
9.968862904477930886e-01
9.998753895176575313e-01
9.939001709768875426e-01
9.790142052577144316e-01
9.553509515151945575e-01
9.231225611078601734e-01
8.826179755685461537e-01
8.342003361179167742e-01
7.783037279455290447e-01
7.154292884473725245e-01
6.461407143112107843e-01
5.710592077306957393e-01
4.908579070575945780e-01
4.062558518237898153e-01
3.180115362392389455e-01
2.269161089615906457e-01
1.337862801044794048e-01
3.945699907625284386e-02
-5.522603110450824415e-02
-1.494139359042612469e-01
-2.422622798037837033e-01
-3.329386370297617859e-01
-4.206300546137850538e-01
-5.045503408691782710e-01
-5.839471139413071610e-01
-6.581085472380386880e-01
-7.263697512646405396e-01
-7.881187346471936195e-01
-8.428018909013498261e-01
-8.899289617551795484e-01
-9.290774325277301182e-01
-9.598963201568568859e-01
-9.821093199149802944e-01
-9.955172826011057241e-01
-1.000000000000000000e+00
