-6.204530488457780102e-01
-1.563071980862482224e+00
-5.704749350511153505e-01
-1.664838964511302644e+00
-1.598532685372312301e+00
-1.227334586180961473e+00
-1.458489974973325776e+00
-9.786382431704517826e-01
-1.132959344521062839e+00
-1.911882080679848439e+00
-3.943171150437306816e-01
-8.893869718727326346e-01
7.212997215714608279e-01
1.279849551782522354e+00
-1.276844032778344795e+00
-1.155785409473984116e+00
-8.670572616914440367e-01
9.448982060039572417e-01
-3.976910999111898382e-01
2.037272874295433522e-01
-1.381624212601179624e-01
2.881092080114581178e-01
5.887366139002586651e-01
5.015123257971809689e-01
1.594023689623286444e+00
-1.292812651854497563e+00
5.675165747198520627e-01
-1.634498262406580693e-03
1.150070589236112495e+00
1.385055614428881920e+00
-7.117476926788478542e-01
1.571883808623925738e+00
7.004209897293780518e-01
2.643574737329721369e+00
1.195542479197885033e+00
2.113558434186067370e+00
6.620721975124028713e-01
5.803810678154651681e-01
1.223925663696790789e+00
2.083457005930470896e+00
1.091881248202607457e+00
-7.877260592216986934e-01
-1.826250163511322633e-01
1.305798118892112392e+00
-1.350969211559591709e-01
-9.578409395681961591e-01
6.029530706500885184e-01
-3.215668291566920467e-01
3.504970451849618307e-01
2.372620326311091210e-01
-3.352980902739467473e-01
-1.284067256841470162e-01
9.584269327116224924e-01
-1.010036861300499078e+00
-1.271993828691196260e+00
7.276159434453748354e-01
-1.225947423273451742e+00
-6.827817666657206574e-01
-2.029943494517919333e+00
-3.687269236023053232e+00
-3.015207965891970598e-01
-1.806750950085513008e+00
4.115473268489147074e-01
-1.265638644665102452e+00
-1.273626525518187336e+00
-2.949551766600217562e+00
-2.885351058013705394e+00
-1.634907260699005160e+00
-1.006779305546033454e+00
-1.285566132465975508e+00
2.365531344268290148e-02
1.250977074201993222e-01
2.373122362486889125e-01
-1.790184916195697751e+00
5.936871943181827316e-01
7.984164363364156802e-01
1.998118822402802364e-01
1.563050764652016422e-01
-8.341005244505628191e-01
-9.255033469795104217e-01
-1.452135193076817155e+00
-9.067903064538010427e-02
-1.280618297414353846e+00
-1.662231161071421326e-01
3.840809755942033166e-02
-5.472621579898845345e-02
-1.461363779153943110e+00
-3.369859645551727123e-01
1.972832770116456080e+00
1.048087898321156120e-01
1.349636791788116241e+00
-1.867119551131816158e-01
1.296551854087385713e+00
-6.997753278975005209e-02
4.638860638419312621e-01
7.358402789784775910e-01
1.395066592977557196e+00
1.336516225702119698e+00
1.068603924620699086e+00
1.215727779445512802e+00
7.881382793704257983e-01
3.833029694783527397e-01
8.453120083568887999e-01
5.702502838883022340e-01
7.806142074938886566e-01
1.970665106226283658e-01
8.013858729744244291e-01
1.383263445486877519e+00
-1.740432618207344850e-01
4.988542457775492212e-01
8.706393079640742938e-01
2.185798339798441070e+00
5.472368047657319989e-01
-6.062768964916200876e-01
-1.366107750786609287e-01
-5.072714004736836868e-01
-2.653185028677373380e-01
1.518188150815074744e+00
-1.543188243782720903e+00
-1.294142665604343323e+00
7.907394041274851126e-02
-5.090330716377200471e-01
-1.846046805607234886e-01
-1.461018754068191261e-01
9.131076626518457307e-01
-1.409318519426172145e+00
-2.585986161537221495e+00
-1.571989312925153648e+00
3.257748359805578975e-02
-1.412052721367886621e+00
-1.913966515857643547e+00
-3.372212134947758067e+00
2.315645459721743293e+00
-1.834608842352055014e+00
-1.949450126256858873e+00
-1.423833730538299758e+00
2.033639168596848013e-01
-1.518427086614803301e+00
-1.304708470277364363e+00
-2.170106870678313982e+00
5.794153679998775841e-01
-4.907510392330294291e-01
1.334842470651883328e+00
-1.291335251632703240e+00
-1.690052172676167919e+00
-1.001624552418805547e-01
-7.686915749746342508e-01
1.348631998901502760e+00
-1.596163044432956646e+00
6.394190760335863311e-02
5.930093655133776842e-01
-1.202388929818096530e+00
8.477933214501480741e-01
6.448569551363103614e-01
1.745891101592118577e-01
5.889340143491701429e-01
1.088902342726417283e+00
1.017125578832500210e+00
1.554678518957604005e+00
1.400810758211104234e+00
-1.123487845271359920e+00
-6.736005415933177254e-02
1.451886548094552865e+00
3.178221014394229993e+00
9.723948135430361406e-01
4.093740215877702537e-01
2.024357875204722657e+00
-6.966547337780972793e-01
2.009192789592951112e+00
3.941237256354991336e-01
2.507386272864206234e+00
1.176956799767993278e+00
-2.354649956854800719e-01
9.154182043882498343e-01
2.706538098968723993e+00
1.975824641585359198e-01
-6.296950047869094291e-01
1.454324469289475896e+00
-4.411706214472974064e-01
3.080345541972006052e-01
8.586077341322237988e-01
-1.009161646862172912e+00
-1.782875711815372632e-01
4.375653799449139569e-01
-8.008801503780076103e-02
5.201073313113352414e-01
4.967469441839198474e-01
1.226654455539025079e+00
-6.585172024731594798e-01
-1.758757924361236125e+00
8.710655610305828578e-02
-1.761665441795944309e+00
-1.264446022840674200e+00
-9.799648222814009157e-01
-1.110926215737871203e+00
-1.959702566834169879e+00
2.962434654270282852e-01
-1.556913439559235446e+00
-1.368515538654207830e+00
-2.178213111680965763e+00
