-0.99447
-0.989561
-0.976508
-0.955003
-0.922745
-0.886265
-0.836091
-0.78221
-0.720874
-0.65107
-0.581031
-0.500759
-0.415742
-0.326559
-0.235974
-0.144388
-0.0501895
0.0449522
0.140116
0.2302
0.320848
0.409491
0.495033
0.574618
0.650016
0.719379
0.78138
0.838059
0.88797
0.926519
0.957391
0.981917
0.998121
1.00148
0.999872
0.987134
0.967892
0.9399
0.900579
0.853334
0.800667
0.740344
0.67363
0.601697
0.522752
0.437389
0.35178
0.260039
0.170278
0.0762995
-0.0185401
-0.11235
-0.20749
-0.297206
-0.387444
-0.471833
-0.552626
-0.6295
-0.699156
-0.761689
-0.819768
-0.869571
-0.91138
-0.943919
-0.969135
-0.987135
-0.992889
-0.992756
-0.981771
-0.960239
-0.935333
-0.898195
-0.853585
-0.800572
-0.741057
-0.676376
-0.605082
-0.525622
-0.443864
-0.357298
-0.269147
-0.1743
-0.0806995
0.011278
0.107903
0.199563
0.29353
0.380311
0.468498
0.548273
0.626423
0.696148
0.762852
0.820365
0.870067
0.914954
0.949936
0.974805
0.992498
1.00191
1.00207
0.993569
0.975893
0.948327
0.913113
0.870777
0.81864
0.762776
0.694084
0.626625
0.547356
0.468405
0.380897
0.292482
0.200489
0.104898
0.0115098
-0.0797838
-0.175807
-0.264927
-0.358292
-0.444414
-0.525735
-0.602678
-0.676504
-0.740304
-0.800261
-0.852745
-0.898623
-0.935889
-0.963179
-0.98128
-0.992483
-0.993786
-0.985315
-0.969251
-0.944262
-0.912561
-0.86877
-0.819801
-0.76049
-0.699311
-0.628404
-0.552339
-0.472165
-0.386376
-0.298543
-0.206657
-0.111825
-0.0195559
0.0756602
0.169625
0.261386
0.351756
0.440692
0.520667
0.599865
0.672933
0.740773
0.800118
0.852442
0.900951
0.936437
0.966715
0.98783
1.00062
1.00353
0.995755
0.982918
0.958164
0.92493
0.886497
0.836465
0.780582
0.719459
0.650322
0.574745
0.493924
0.408466
0.320388
0.232059
0.140098
0.0436941
-0.0497415
-0.144743
-0.238962
-0.328549
-0.415146
-0.499443
-0.578125
-0.650833
-0.720747
-0.783901
-0.836525
-0.884575
-0.923113
-0.952946
-0.973885
-0.991867
-0.994663
